6.002500152587890625e+01
6.007500076293945312e+01
6.012500000000000000e+01
6.017499923706054688e+01
6.022499847412109375e+01
6.027500152587890625e+01
6.032500076293945312e+01
6.037500000000000000e+01
6.042499923706054688e+01
6.047499847412109375e+01
6.052500152587890625e+01
6.057500076293945312e+01
6.062500000000000000e+01
6.067499923706054688e+01
6.072499847412109375e+01
6.077500152587890625e+01
6.082500076293945312e+01
6.087500000000000000e+01
6.092499923706054688e+01
6.097499847412109375e+01
6.102500152587890625e+01
6.107500076293945312e+01
6.112500000000000000e+01
6.117499923706054688e+01
6.122499847412109375e+01
6.127500152587890625e+01
6.132500076293945312e+01
6.137500000000000000e+01
6.142499923706054688e+01
6.147499847412109375e+01
6.152500152587890625e+01
6.157500076293945312e+01
6.162500000000000000e+01
6.167499923706054688e+01
6.172499847412109375e+01
6.177500152587890625e+01
6.182500076293945312e+01
6.187500000000000000e+01
6.192499923706054688e+01
6.197499847412109375e+01
6.202500152587890625e+01
6.207500076293945312e+01
6.212500000000000000e+01
6.217499923706054688e+01
6.222499847412109375e+01
6.227500152587890625e+01
6.232500076293945312e+01
6.237500000000000000e+01
6.242499923706054688e+01
6.247499847412109375e+01
6.252500152587890625e+01
6.257500076293945312e+01
6.262500000000000000e+01
6.267499923706054688e+01
6.272499847412109375e+01
6.277500152587890625e+01
6.282500076293945312e+01
6.287500000000000000e+01
6.292499923706054688e+01
6.297499847412109375e+01
6.302500152587890625e+01
6.307500076293945312e+01
6.312500000000000000e+01
6.317499923706054688e+01
6.322499847412109375e+01
6.327500152587890625e+01
6.332500076293945312e+01
6.337500000000000000e+01
6.342499923706054688e+01
6.347499847412109375e+01
6.352500152587890625e+01
6.357500076293945312e+01
6.362500000000000000e+01
6.367499923706054688e+01
6.372499847412109375e+01
6.377500152587890625e+01
6.382500076293945312e+01
6.387500000000000000e+01
6.392499923706054688e+01
6.397499847412109375e+01
6.402500152587890625e+01
6.407499694824218750e+01
6.412500000000000000e+01
6.417500305175781250e+01
6.422499847412109375e+01
6.427500152587890625e+01
6.432499694824218750e+01
6.437500000000000000e+01
6.442500305175781250e+01
6.447499847412109375e+01
6.452500152587890625e+01
6.457499694824218750e+01
6.462500000000000000e+01
6.467500305175781250e+01
6.472499847412109375e+01
6.477500152587890625e+01
6.482499694824218750e+01
6.487500000000000000e+01
6.492500305175781250e+01
6.497499847412109375e+01
6.502500152587890625e+01
6.507499694824218750e+01
6.512500000000000000e+01
6.517500305175781250e+01
6.522499847412109375e+01
6.527500152587890625e+01
6.532499694824218750e+01
6.537500000000000000e+01
6.542500305175781250e+01
6.547499847412109375e+01
6.552500152587890625e+01
6.557499694824218750e+01
6.562500000000000000e+01
6.567500305175781250e+01
6.572499847412109375e+01
6.577500152587890625e+01
6.582499694824218750e+01
6.587500000000000000e+01
6.592500305175781250e+01
6.597499847412109375e+01
6.602500152587890625e+01
6.607499694824218750e+01
6.612500000000000000e+01
6.617500305175781250e+01
6.622499847412109375e+01
6.627500152587890625e+01
6.632499694824218750e+01
6.637500000000000000e+01
6.642500305175781250e+01
6.647499847412109375e+01
6.652500152587890625e+01
6.657499694824218750e+01
6.662500000000000000e+01
6.667500305175781250e+01
6.672499847412109375e+01
6.677500152587890625e+01
6.682499694824218750e+01
6.687500000000000000e+01
6.692500305175781250e+01
6.697499847412109375e+01
6.702500152587890625e+01
6.707499694824218750e+01
6.712500000000000000e+01
6.717500305175781250e+01
6.722499847412109375e+01
6.727500152587890625e+01
6.732499694824218750e+01
6.737500000000000000e+01
6.742500305175781250e+01
6.747499847412109375e+01
6.752500152587890625e+01
6.757499694824218750e+01
6.762500000000000000e+01
6.767500305175781250e+01
6.772499847412109375e+01
6.777500152587890625e+01
6.782499694824218750e+01
6.787500000000000000e+01
6.792500305175781250e+01
6.797499847412109375e+01
6.802500152587890625e+01
6.807499694824218750e+01
6.812500000000000000e+01
6.817500305175781250e+01
6.822499847412109375e+01
6.827500152587890625e+01
6.832499694824218750e+01
6.837500000000000000e+01
6.842500305175781250e+01
6.847499847412109375e+01
6.852500152587890625e+01
6.857499694824218750e+01
6.862500000000000000e+01
6.867500305175781250e+01
6.872499847412109375e+01
6.877500152587890625e+01
6.882499694824218750e+01
6.887500000000000000e+01
6.892500305175781250e+01
6.897499847412109375e+01
6.902500152587890625e+01
6.907499694824218750e+01
6.912500000000000000e+01
6.917500305175781250e+01
6.922499847412109375e+01
6.927500152587890625e+01
6.932499694824218750e+01
6.937500000000000000e+01
6.942500305175781250e+01
6.947499847412109375e+01
6.952500152587890625e+01
6.957499694824218750e+01
6.962500000000000000e+01
6.967500305175781250e+01
6.972499847412109375e+01
6.977500152587890625e+01
6.982499694824218750e+01
6.987500000000000000e+01
6.992500305175781250e+01
6.997499847412109375e+01
7.002500152587890625e+01
7.007499694824218750e+01
7.012500000000000000e+01
7.017500305175781250e+01
7.022499847412109375e+01
7.027500152587890625e+01
7.032499694824218750e+01
7.037500000000000000e+01
7.042500305175781250e+01
7.047499847412109375e+01
7.052500152587890625e+01
7.057499694824218750e+01
7.062500000000000000e+01
7.067500305175781250e+01
7.072499847412109375e+01
7.077500152587890625e+01
7.082499694824218750e+01
7.087500000000000000e+01
7.092500305175781250e+01
7.097499847412109375e+01
7.102500152587890625e+01
7.107499694824218750e+01
7.112500000000000000e+01
7.117500305175781250e+01
7.122499847412109375e+01
7.127500152587890625e+01
7.132499694824218750e+01
7.137500000000000000e+01
7.142500305175781250e+01
7.147499847412109375e+01
7.152500152587890625e+01
7.157499694824218750e+01
7.162500000000000000e+01
7.167500305175781250e+01
7.172499847412109375e+01
7.177500152587890625e+01
7.182499694824218750e+01
7.187500000000000000e+01
7.192500305175781250e+01
7.197499847412109375e+01
7.202500152587890625e+01
7.207499694824218750e+01
7.212500000000000000e+01
7.217500305175781250e+01
7.222499847412109375e+01
7.227500152587890625e+01
7.232499694824218750e+01
7.237500000000000000e+01
7.242500305175781250e+01
7.247499847412109375e+01
7.252500152587890625e+01
7.257499694824218750e+01
7.262500000000000000e+01
7.267500305175781250e+01
7.272499847412109375e+01
7.277500152587890625e+01
7.282499694824218750e+01
7.287500000000000000e+01
7.292500305175781250e+01
7.297499847412109375e+01
7.302500152587890625e+01
7.307499694824218750e+01
7.312500000000000000e+01
7.317500305175781250e+01
7.322499847412109375e+01
7.327500152587890625e+01
7.332499694824218750e+01
7.337500000000000000e+01
7.342500305175781250e+01
7.347499847412109375e+01
7.352500152587890625e+01
7.357499694824218750e+01
7.362500000000000000e+01
7.367500305175781250e+01
7.372499847412109375e+01
7.377500152587890625e+01
7.382499694824218750e+01
7.387500000000000000e+01
7.392500305175781250e+01
7.397499847412109375e+01
7.402500152587890625e+01
7.407499694824218750e+01
7.412500000000000000e+01
7.417500305175781250e+01
7.422499847412109375e+01
7.427500152587890625e+01
7.432499694824218750e+01
7.437500000000000000e+01
7.442500305175781250e+01
7.447499847412109375e+01
7.452500152587890625e+01
7.457499694824218750e+01
7.462500000000000000e+01
7.467500305175781250e+01
7.472499847412109375e+01
7.477500152587890625e+01
7.482499694824218750e+01
7.487500000000000000e+01
7.492500305175781250e+01
7.497499847412109375e+01
7.502500152587890625e+01
7.507499694824218750e+01
7.512500000000000000e+01
7.517500305175781250e+01
7.522499847412109375e+01
7.527500152587890625e+01
7.532499694824218750e+01
7.537500000000000000e+01
7.542500305175781250e+01
7.547499847412109375e+01
7.552500152587890625e+01
7.557499694824218750e+01
7.562500000000000000e+01
7.567500305175781250e+01
7.572499847412109375e+01
7.577500152587890625e+01
7.582499694824218750e+01
7.587500000000000000e+01
7.592500305175781250e+01
7.597499847412109375e+01
7.602500152587890625e+01
7.607499694824218750e+01
7.612500000000000000e+01
7.617500305175781250e+01
7.622499847412109375e+01
7.627500152587890625e+01
7.632499694824218750e+01
7.637500000000000000e+01
7.642500305175781250e+01
7.647499847412109375e+01
7.652500152587890625e+01
7.657499694824218750e+01
7.662500000000000000e+01
7.667500305175781250e+01
7.672499847412109375e+01
7.677500152587890625e+01
7.682499694824218750e+01
7.687500000000000000e+01
7.692500305175781250e+01
7.697499847412109375e+01
7.702500152587890625e+01
7.707499694824218750e+01
7.712500000000000000e+01
7.717500305175781250e+01
7.722499847412109375e+01
7.727500152587890625e+01
7.732499694824218750e+01
7.737500000000000000e+01
7.742500305175781250e+01
7.747499847412109375e+01
7.752500152587890625e+01
7.757499694824218750e+01
7.762500000000000000e+01
7.767500305175781250e+01
7.772499847412109375e+01
7.777500152587890625e+01
7.782499694824218750e+01
7.787500000000000000e+01
7.792500305175781250e+01
7.797499847412109375e+01
7.802500152587890625e+01
7.807499694824218750e+01
7.812500000000000000e+01
7.817500305175781250e+01
7.822499847412109375e+01
7.827500152587890625e+01
7.832499694824218750e+01
7.837500000000000000e+01
7.842500305175781250e+01
7.847499847412109375e+01
7.852500152587890625e+01
7.857499694824218750e+01
7.862500000000000000e+01
7.867500305175781250e+01
7.872499847412109375e+01
7.877500152587890625e+01
7.882499694824218750e+01
7.887500000000000000e+01
7.892500305175781250e+01
7.897499847412109375e+01
7.902500152587890625e+01
7.907499694824218750e+01
7.912500000000000000e+01
7.917500305175781250e+01
7.922499847412109375e+01
7.927500152587890625e+01
7.932499694824218750e+01
7.937500000000000000e+01
7.942500305175781250e+01
7.947499847412109375e+01
7.952500152587890625e+01
7.957499694824218750e+01
7.962500000000000000e+01
7.967500305175781250e+01
7.972499847412109375e+01
7.977500152587890625e+01
7.982499694824218750e+01
7.987500000000000000e+01
7.992500305175781250e+01
7.997499847412109375e+01
8.002500152587890625e+01
8.007499694824218750e+01
8.012500000000000000e+01
8.017500305175781250e+01
8.022499847412109375e+01
8.027500152587890625e+01
8.032499694824218750e+01
8.037500000000000000e+01
8.042500305175781250e+01
8.047499847412109375e+01
8.052500152587890625e+01
8.057499694824218750e+01
8.062500000000000000e+01
8.067500305175781250e+01
8.072499847412109375e+01
8.077500152587890625e+01
8.082499694824218750e+01
8.087500000000000000e+01
8.092500305175781250e+01
8.097499847412109375e+01
8.102500152587890625e+01
8.107499694824218750e+01
8.112500000000000000e+01
8.117500305175781250e+01
8.122499847412109375e+01
8.127500152587890625e+01
8.132499694824218750e+01
8.137500000000000000e+01
8.142500305175781250e+01
8.147499847412109375e+01
8.152500152587890625e+01
8.157499694824218750e+01
8.162500000000000000e+01
8.167500305175781250e+01
8.172499847412109375e+01
8.177500152587890625e+01
8.182499694824218750e+01
8.187500000000000000e+01
8.192500305175781250e+01
8.197499847412109375e+01
8.202500152587890625e+01
8.207499694824218750e+01
8.212500000000000000e+01
8.217500305175781250e+01
8.222499847412109375e+01
8.227500152587890625e+01
8.232499694824218750e+01
8.237500000000000000e+01
8.242500305175781250e+01
8.247499847412109375e+01
8.252500152587890625e+01
8.257499694824218750e+01
8.262500000000000000e+01
8.267500305175781250e+01
8.272499847412109375e+01
8.277500152587890625e+01
8.282499694824218750e+01
8.287500000000000000e+01
8.292500305175781250e+01
8.297499847412109375e+01
8.302500152587890625e+01
8.307499694824218750e+01
8.312500000000000000e+01
8.317500305175781250e+01
8.322499847412109375e+01
8.327500152587890625e+01
8.332499694824218750e+01
8.337500000000000000e+01
8.342500305175781250e+01
8.347499847412109375e+01
8.352500152587890625e+01
8.357499694824218750e+01
8.362500000000000000e+01
8.367500305175781250e+01
8.372499847412109375e+01
8.377500152587890625e+01
8.382499694824218750e+01
8.387500000000000000e+01
8.392500305175781250e+01
8.397499847412109375e+01
8.402500152587890625e+01
8.407499694824218750e+01
8.412500000000000000e+01
8.417500305175781250e+01
8.422499847412109375e+01
8.427500152587890625e+01
8.432499694824218750e+01
8.437500000000000000e+01
8.442500305175781250e+01
8.447499847412109375e+01
8.452500152587890625e+01
8.457499694824218750e+01
8.462500000000000000e+01
8.467500305175781250e+01
8.472499847412109375e+01
8.477500152587890625e+01
8.482499694824218750e+01
8.487500000000000000e+01
8.492500305175781250e+01
8.497499847412109375e+01
8.502500152587890625e+01
8.507499694824218750e+01
8.512500000000000000e+01
8.517500305175781250e+01
8.522499847412109375e+01
8.527500152587890625e+01
8.532499694824218750e+01
8.537500000000000000e+01
8.542500305175781250e+01
8.547499847412109375e+01
8.552500152587890625e+01
8.557499694824218750e+01
8.562500000000000000e+01
8.567500305175781250e+01
8.572499847412109375e+01
8.577500152587890625e+01
8.582499694824218750e+01
8.587500000000000000e+01
8.592500305175781250e+01
8.597499847412109375e+01
8.602500152587890625e+01
8.607499694824218750e+01
8.612500000000000000e+01
8.617500305175781250e+01
8.622499847412109375e+01
8.627500152587890625e+01
8.632499694824218750e+01
8.637500000000000000e+01
8.642500305175781250e+01
8.647499847412109375e+01
8.652500152587890625e+01
8.657499694824218750e+01
8.662500000000000000e+01
8.667500305175781250e+01
8.672499847412109375e+01
8.677500152587890625e+01
8.682499694824218750e+01
8.687500000000000000e+01
8.692500305175781250e+01
8.697499847412109375e+01
8.702500152587890625e+01
8.707499694824218750e+01
8.712500000000000000e+01
8.717500305175781250e+01
8.722499847412109375e+01
8.727500152587890625e+01
8.732499694824218750e+01
8.737500000000000000e+01
8.742500305175781250e+01
8.747499847412109375e+01
8.752500152587890625e+01
8.757499694824218750e+01
8.762500000000000000e+01
8.767500305175781250e+01
8.772499847412109375e+01
8.777500152587890625e+01
8.782499694824218750e+01
8.787500000000000000e+01
8.792500305175781250e+01
8.797499847412109375e+01
8.802500152587890625e+01
8.807499694824218750e+01
8.812500000000000000e+01
8.817500305175781250e+01
8.822499847412109375e+01
8.827500152587890625e+01
8.832499694824218750e+01
8.837500000000000000e+01
8.842500305175781250e+01
8.847499847412109375e+01
8.852500152587890625e+01
8.857499694824218750e+01
8.862500000000000000e+01
8.867500305175781250e+01
8.872499847412109375e+01
8.877500152587890625e+01
8.882499694824218750e+01
8.887500000000000000e+01
8.892500305175781250e+01
8.897499847412109375e+01
8.902500152587890625e+01
8.907499694824218750e+01
8.912500000000000000e+01
8.917500305175781250e+01
8.922499847412109375e+01
8.927500152587890625e+01
8.932499694824218750e+01
8.937500000000000000e+01
8.942500305175781250e+01
8.947499847412109375e+01
8.952500152587890625e+01
8.957499694824218750e+01
8.962500000000000000e+01
8.967500305175781250e+01
8.972499847412109375e+01
8.977500152587890625e+01
8.982499694824218750e+01
8.987500000000000000e+01
8.992500305175781250e+01
